

% set data for FSC

pos_FSC_ini(1) = [100.292301;40.959054;1000]-[0.0001;0;0];  % Longtitute Latitute height of Jiuquan, unit: degree[N] degree[E] meter
pos_FSC_ini(2) = [100.292301;40.959054;1000]+[0.0001;0;20];
pos_FSC_ini(3) = [100.292301;40.959054;1000]-[0;0.0001;0];
pos_FSC_ini(4) = [100.292301;40.959054;1000]+[0;0.0001;-20];

% erection angle, unit: degree 
theta_FSC_ini(1) = 90; 
theta_FSC_ini(2) = 85;
theta_FSC_ini(3) = 80;
theta_FSC_ini(4) = 75;
